d:\projetos\opencvtest\comic_pages\P00001.jpg 1 261 222 791 123
d:\projetos\opencvtest\comic_pages\P00002.jpg 7 53 76 164 71 69 178 170 91 289 246 200 98 540 72 336 79 795 502 221 80 758 699 113 45 915 702 81 44
d:\projetos\opencvtest\comic_pages\P00003.jpg 4 69 105 160 169 242 106 187 143 668 74 320 128 666 685 118 29
d:\projetos\opencvtest\comic_pages\P00004.jpg 1 47 70 195 67
d:\projetos\opencvtest\comic_pages\P00005.jpg 6 87 587 221 118 412 123 168 83 417 588 204 93 857 587 160 215 77 818 173 92 126 953 143 44
d:\projetos\opencvtest\comic_pages\P00006.jpg 3 96 99 102 62 868 87 106 57 77 624 188 92
d:\projetos\opencvtest\comic_pages\P00007.jpg 6 88 60 156 32 329 349 168 141 65 580 210 97 83 684 126 80 648 856 98 35 633 894 135 65
d:\projetos\opencvtest\comic_pages\P00008.jpg 0
d:\projetos\opencvtest\comic_pages\P00009.jpg 9 92 62 157 94 621 46 137 79 643 230 119 72 721 315 119 47 61 375 275 133 825 370 187 200 316 815 234 99 188 853 105 47 87 837 56 27
d:\projetos\opencvtest\comic_pages\P00010.jpg 3 800 234 132 49 98 115 162 82 707 735 131 53
d:\projetos\opencvtest\comic_pages\P00011.jpg 13 44 75 181 222 170 468 188 77 203 572 159 32 408 46 186 62 521 116 138 48 417 171 198 44 677 79 67 62 845 65 96 56 872 132 77 41 924 191 107 50 293 611 133 60 425 580 188 99 432 896 121 55
d:\projetos\opencvtest\comic_pages\P00012.jpg 5 112 110 115 53 891 452 83 66 212 559 206 100 438 560 83 27 471 594 166 115
d:\projetos\opencvtest\comic_pages\P00013.jpg 9 168 114 86 63 450 76 108 76 825 72 103 65 891 430 125 64 723 593 172 62 831 661 64 33 262 845 86 77 245 929 113 38 704 844 193 98
d:\projetos\opencvtest\comic_pages\P00014.jpg 1 94 149 116 48
d:\projetos\opencvtest\comic_pages\P00015.jpg 4 95 461 169 47 142 851 150 43 394 657 59 62 448 912 115 63
d:\projetos\opencvtest\comic_pages\P00016.jpg 10 88 164 137 94 71 287 103 60 417 207 117 96 720 167 139 98 786 101 133 43 618 561 213 83 733 862 213 77 233 936 125 63 205 565 180 124 63 568 124 145
d:\projetos\opencvtest\comic_pages\P00017.jpg 6 85 97 139 30 99 136 115 59 719 105 106 62 745 273 120 91 472 490 132 47 474 544 145 94
d:\projetos\opencvtest\comic_pages\P00018.jpg 9 622 146 162 117 813 165 135 66 452 278 86 62 394 341 93 65 492 395 59 39 62 575 151 99 229 576 157 115 439 576 110 46 588 572 149 114
d:\projetos\opencvtest\comic_pages\P00019.jpg 5 642 86 80 33 589 124 101 48 829 157 114 78 47 644 126 100 299 752 166 80
d:\projetos\opencvtest\comic_pages\P00020.jpg 5 217 154 102 45 245 314 139 79 395 312 194 114 401 429 156 69 769 411 88 60
